50
10
0.55 0.14 0.08 0.03 0.68 0.29 0.15 0.28 0.11 0.58
0.97 0.35 0.46 0.37 0.69 0.17 0.86 0.48 0.06 0.38
10
0.89 0.41 0.20 0.30 0.04 0.67 0.95 0.78 0.80 0.44
0.19 0.47 0.54 0.62 0.11 0.52 0.76 0.90 0.35 0.25
4
0.4 0.3 0.6 0.9
0.1 0.8 0.7 0.2
2
0.3 0.9
0.1 0.7
4
0.57 0.90 0.38 0.62
0.14 0.81 0.10 0.43
5
0.53 0.27 0.13 0.07 0.60
0.73 0.93 0.67 0.87 0.80
10
0.15 0.92 0.37 0.61 0.67 0.42 0.82 0.38 0.24 0.33
0.13 0.47 0.05 0.84 0.56 0.16 0.78 0.01 0.03 0.51
1
0.2
0.1
1
0.2
0.7
10
0.752 0.239 0.265 0.522 0.478 0.619 0.566 0.788 0.257 0.159
0.177 0.425 0.929 0.699 0.363 0.531 0.283 0.062 0.973 0.301
1
0.3
0.8
4
0.80 0.09 0.29 0.02
0.13 0.07 0.58 0.51
10
0.84 0.01 0.04 0.69 0.34 0.24 0.51 0.82 0.88 0.86
0.29 0.78 0.58 0.47 0.64 0.76 0.46 0.08 0.96 0.61
1
0.1
0.9
10
0.95 0.56 0.74 0.98 0.31 0.26 0.89 0.61 0.32 0.87
0.40 0.35 0.02 0.85 0.21 0.92 0.79 0.53 0.42 0.05
7
0.25 0.90 0.33 0.60 0.03 0.50 0.12
0.48 0.10 0.75 0.17 0.93 0.05 0.98
10
0.02 0.57 0.39 0.76 0.71 0.73 0.61 0.12 0.65 0.33
0.29 0.24 0.25 0.20 0.96 0.55 0.84 0.14 0.49 0.69
10
0.30 0.56 0.23 0.02 0.55 0.14 0.36 0.54 0.49 0.37
0.81 0.82 0.90 0.86 0.76 0.70 0.67 0.89 0.66 0.99
1
0.8
0.2
10
0.76 0.78 0.91 0.52 0.60 0.95 0.67 0.57 0.69 0.72
0.03 0.07 0.22 0.45 0.14 0.41 0.05 0.19 0.29 0.21
9
0.45 0.44 0.23 0.95 0.07 0.65 0.49 0.56 0.89
0.99 0.54 0.86 0.58 0.98 0.30 0.43 0.48 0.04
10
0.93 0.20 0.77 0.30 0.37 0.87 0.63 0.10 0.40 0.73
0.27 0.03 0.17 0.53 0.13 0.47 0.60 0.43 0.97 0.07
2
0.75 0.56
0.19 0.12
10
0.62 0.37 0.02 0.43 0.96 0.33 0.21 0.13 0.58 0.17
0.91 0.80 0.84 0.98 0.87 0.93 0.36 0.35 0.03 0.66
10
0.053 0.877 0.123 0.579 0.982 0.325 0.816 0.544 0.553 0.193
0.158 0.246 0.711 0.456 0.079 0.430 0.465 0.596 0.904 0.018
10
0.80 0.86 0.93 0.49 0.50 0.81 0.94 0.59 0.66 0.87
0.39 0.09 0.04 0.31 0.26 0.36 0.37 0.01 0.13 0.34
4
0.44 0.33 0.41 0.37
0.04 0.85 0.22 0.59
7
0.70 0.06 0.13 0.47 0.46 0.64 0.91
0.36 0.96 0.43 0.51 0.59 0.44 0.53
9
0.55 0.10 0.38 0.34 0.79 0.24 0.17 0.41 0.76
0.62 0.28 0.59 0.66 0.31 0.97 0.52 0.72 0.48
6
0.12 0.24 0.14 0.07 0.08 0.27
0.66 0.63 0.32 0.90 0.97 0.86
10
0.04 0.25 0.14 0.18 0.13 0.23 0.55 0.47 0.10 0.53
0.58 0.79 0.77 0.65 0.82 0.56 0.96 0.74 0.69 0.70
10
0.16 0.73 0.77 0.55 0.46 0.68 0.37 0.57 0.54 0.45
0.59 0.29 0.23 0.11 0.34 0.52 0.39 0.88 0.82 0.21
10
0.33 0.23 0.37 0.07 0.16 0.01 0.32 0.29 0.28 0.27
0.95 0.83 0.85 0.65 0.99 0.96 0.47 0.69 0.72 0.81
10
0.92 0.02 0.88 0.45 0.10 0.73 0.53 0.33 0.82 0.43
0.93 0.15 0.60 0.07 0.57 0.62 0.67 0.13 0.58 0.87
10
0.61 0.02 0.91 0.51 0.66 0.06 0.77 0.60 0.33 0.62
0.53 0.07 0.76 0.34 0.88 0.29 0.48 0.44 0.12 0.93
10
0.35 0.41 0.27 0.22 0.51 0.14 0.02 0.08 0.39 0.06
0.59 0.84 0.73 0.98 0.67 0.53 0.78 0.55 0.65 0.92
5
0.82 0.90 0.56 0.69 0.92
0.38 0.15 0.18 0.54 0.51
10
0.04 0.99 0.27 0.10 0.97 0.38 0.14 0.35 0.65 0.20
0.67 0.75 0.95 0.32 0.78 0.24 0.91 0.18 0.68 0.22
10
0.200 0.725 0.392 0.208 0.325 0.717 0.417 0.875 0.367 0.475
0.533 0.917 0.808 0.317 0.042 0.700 0.958 0.750 0.575 0.225
3
0.92 0.76 0.64
0.88 0.32 0.28
10
0.01 0.11 0.76 0.19 0.87 0.81 0.86 0.05 0.49 0.92
0.24 0.78 0.48 0.12 0.56 0.06 0.32 0.51 0.22 0.36
9
0.90 0.56 0.15 0.10 0.36 0.38 0.23 0.28 0.44
0.95 0.79 0.46 0.59 0.31 0.18 0.21 0.49 0.26
1
0.8
0.6
10
0.83 0.54 0.95 0.47 0.12 0.82 0.61 0.70 0.20 0.75
0.15 0.57 0.96 0.26 0.55 0.32 0.80 0.27 0.02 0.59
7
0.88 0.36 0.64 0.41 0.59 0.77 0.94
0.33 0.73 0.09 0.62 0.52 0.20 0.16
10
0.59 0.25 0.34 0.28 0.50 0.99 0.29 0.32 0.75 0.40
0.35 0.69 0.41 0.01 0.03 0.79 0.43 0.06 0.85 0.72
7
0.73 0.18 0.68 0.95 0.91 0.27 0.14
0.05 0.77 0.59 0.82 0.86 0.32 0.50
7
0.24 0.96 0.90 0.43 0.91 0.85 0.74
0.45 0.77 0.71 0.79 0.09 0.99 0.84
10
0.102 0.602 0.585 0.983 0.441 0.373 0.237 0.195 0.771 0.941
0.220 0.576 0.797 0.729 0.458 0.390 0.449 0.780 0.992 0.034
10
0.74 0.35 0.55 0.08 0.14 0.23 0.92 0.95 0.94 0.90
0.22 0.38 0.37 0.91 0.43 0.32 0.30 0.62 0.04 0.77
